1|1|0|8|9|u|0|_|a|1|0|8|9
1|1|0|8|9|u|0|_|a|1|0|8|9
1|1|0|8|9|u|0|_|a|1|0|8|9
1|0|2|5|8|u|0|_|a|2|5|8
1|0|2|5|8|u|0|_|a|2|5|8
1|0|2|5|8|u|0|_|a|2|5|8
1|0|2|2|1|u|0|_|a|2|2|1
1|0|2|2|1|u|0|_|a|2|2|1
1|0|2|2|1|u|0|_|a|2|2|1
1|0|4|4|8|u|0|_|a|4|4|8
1|0|4|4|8|u|0|_|a|4|4|8
1|0|4|4|8|u|0|_|a|4|4|8
1|0|2|9|3|u|0|_|a|2|9|3
1|0|2|9|3|u|0|_|a|2|9|3
1|0|2|9|3|u|0|_|a|2|9|3
1|0|6|4|2|u|0|_|a|6|4|2
1|0|6|4|2|u|0|_|a|6|4|2
1|0|6|4|2|u|0|_|a|6|4|2
RIAZ_100RS04F868705D110Y==
RIAZ_100RS04F868705D110Y==
RIAZ_100RS04F868705D110Y==
